lastAccountName: Atlas
timestamps:
  login: 1586014829851
  logout: 1586021675630
  lastteleport: 1586006014474
ipAddress: 5.18.247.142
logoutlocation:
  world: world
  x: -96.22692825062211
  y: 91.18302038951316
  z: 618.9463922253403
  yaw: -283.22168
  pitch: 38.668064
lastlocation:
  world: world
  x: -78.40231235718817
  y: 79.65327993324875
  z: 580.1527019745267
  yaw: -352.18872
  pitch: 33.833874
homes:
  home:
    world: world
    x: 54685.585990152846
    y: 90.0
    z: 845638.0375972273
    yaw: -178.27277
    pitch: 86.086815
afk: false
