lastAccountName: Atlas
timestamps:
  login: 1585924781706
  logout: 1585925886457
  lastteleport: 1585726565361
ipAddress: 5.18.247.142
logoutlocation:
  world: world
  x: 791.7882774179982
  y: 69.0
  z: 561100.1397768256
  yaw: -52.40973
  pitch: 16.684353
lastlocation:
  world: world
  x: 601.8997377470358
  y: 120.87760400553981
  z: 560875.1026458238
  yaw: 70.05112
  pitch: 78.03026
homes:
  home:
    world: world
    x: -235.8655838948388
    y: 90.0
    z: 322.4450220445887
    yaw: -167.48093
    pitch: 11.620444
afk: false
