lastAccountName: Atlas
timestamps:
  login: 1585944759414
  logout: 1585946815726
  lastteleport: 1585943914097
ipAddress: 5.18.247.142
logoutlocation:
  world: DIM7
  x: -172.7646694713069
  y: 34.0
  z: 161.07605654583006
  yaw: -160.30983
  pitch: 15.998207
lastlocation:
  world: DIM7
  x: -476.8868641590592
  y: 32.0
  z: 61.34308631397893
  yaw: -1.8943176
  pitch: 7.8295884
homes:
  home:
    world: world
    x: -186.20659531656787
    y: 63.0
    z: 199.26772789790812
    yaw: 118.10318
    pitch: 18.530172
afk: false
