lastAccountName: Atlas
timestamps:
  login: 1586098754675
  logout: 1586108676115
  lastteleport: 1586006014474
ipAddress: 5.18.247.142
logoutlocation:
  world: world
  x: 67.28062315106317
  y: 94.76753635568892
  z: 670.854630165662
  yaw: 273.3338
  pitch: 35.560074
lastlocation:
  world: world
  x: -78.40231235718817
  y: 79.65327993324875
  z: 580.1527019745267
  yaw: -352.18872
  pitch: 33.833874
homes:
  home:
    world: world
    x: 54685.585990152846
    y: 90.0
    z: 845638.0375972273
    yaw: -178.27277
    pitch: 86.086815
afk: false
