lastAccountName: nigger King
timestamps:
  login: 1586009994965
  lastteleport: 1586006194203
  logout: 1586011694745
ipAddress: 148.153.82.27
lastlocation:
  world: world
  x: -15.066090768798604
  y: 13.0
  z: 440.6023093506631
  yaw: -251.11394
  pitch: 12.770829
homes:
  home:
    world: world
    x: -179.72996750205937
    y: 63.0
    z: 198.02891310191248
    yaw: 103.84128
    pitch: 6.0999503
logoutlocation:
  world: world
  x: -47.77359171174505
  y: 84.0
  z: 567.2684299524695
  yaw: 185.8778
  pitch: 10.699794
