lastAccountName: '123'
timestamps:
  login: 1586011783140
  logout: 1586022148303
  lastteleport: 1585943938381
ipAddress: 148.153.82.27
lastlocation:
  world: world
  x: -33.28132479735805
  y: 68.24918707874468
  z: 295.4760801676024
  yaw: 44.541653
  pitch: 10.588743
logoutlocation:
  world: world
  x: -47.01648061980879
  y: 74.0
  z: 543.6725466622454
  yaw: -203.52148
  pitch: 3.8017855
afk: false
