lastAccountName: '123'
timestamps:
  login: 1585941821561
  logout: 1585946272674
  lastteleport: 1585943938381
ipAddress: 39.75.186.173
lastlocation:
  world: DIM7
  x: -154.5
  y: 44.0
  z: 138.5
  yaw: 169.49593
  pitch: 10.361673
logoutlocation:
  world: world
  x: -179.85561222808013
  y: 81.69069504368689
  z: 174.62996696877806
  yaw: -331.32016
  pitch: 18.298183
