lastAccountName: CORE
timestamps:
  login: 1585739929174
  logout: 1585742272632
  lastteleport: 1585739978755
ipAddress: 148.153.82.27
lastlocation:
  world: world
  x: 731.7325179374301
  y: 70.0
  z: 561418.9741273075
  yaw: 269.5963
  pitch: 7.3610363
logoutlocation:
  world: world
  x: 962.1925381731467
  y: 82.88510348954101
  z: 561299.704498351
  yaw: 249.84814
  pitch: 11.73541
homes:
  home:
    world: world
    x: 664.9856349414757
    y: 78.0
    z: 561367.8133065184
    yaw: 350.54007
    pitch: 26.237616
afk: false
