lastAccountName: xxx
timestamps:
  login: 1586008821244
  logout: 1586017186413
  lastteleport: 1586010782728
ipAddress: 148.153.82.27
lastlocation:
  world: world
  x: -32.22693183500219
  y: 65.0
  z: 255.97964985040164
  yaw: 7.711363
  pitch: 2.416994
logoutlocation:
  world: world
  x: -31.297484796654114
  y: 90.37063644294639
  z: 612.6106529567085
  yaw: 126.28247
  pitch: 0.004141614
