lastAccountName: xxx
timestamps:
  login: 1586092583840
  logout: 1586103089921
  lastteleport: 1586010782728
ipAddress: 103.47.202.97
lastlocation:
  world: world
  x: -32.22693183500219
  y: 65.0
  z: 255.97964985040164
  yaw: 7.711363
  pitch: 2.416994
logoutlocation:
  world: world
  x: -33.326226080362964
  y: 74.0
  z: 636.6310811869672
  yaw: 228.58203
  pitch: -75.61317
