lastAccountName: DANTE
timestamps:
  login: 1586091224651
  logout: 1586108671114
  lastteleport: 1586021918575
ipAddress: 118.193.31.250
lastlocation:
  world: world
  x: -105.69999998807904
  y: 94.28792414351487
  z: 538.3468086120686
  yaw: -294.42236
  pitch: -7.592725
logoutlocation:
  world: world
  x: -71.49393595565927
  y: 106.33851588640725
  z: 680.8098904767871
  yaw: -85.27637
  pitch: 26.927975
homes:
  home:
    world: world
    x: -45.31497920903847
    y: 84.0
    z: 565.4838497145921
    yaw: -286.66797
    pitch: 19.446766
